%mapa
mapa = [];
mapa = [mapa; 0       0    0 2280    1       0        0];
mapa = [mapa; 0    2280  920 2280    0       1     2280];
mapa = [mapa; 920  2280  920 3200    1       0      920];
mapa = [mapa; 920  3200 4190 3200    0       1     3200];
mapa = [mapa; 4190 3200 4190 2365    1       0     4190];
mapa = [mapa; 4190 2365 4680 2365    0       1     2365];
mapa = [mapa; 4680 2365 4680  650    1       0     4680];
mapa = [mapa; 4680  650 4030    0  2.4814 -2.4814 10000];
mapa = [mapa; 4030    0    0    0    0       1        0];

% limites do mapa
MinX = 0;
MaxX = 4680;
MinY = 0;
MaxY = 3200;

% Posicao exatas dos landmarks
L.x = [0,   0, 920, 920,4190,4190,4680,4680,4030]; % [mm]
L.y = [0,2280,2280,3200,3200,2365,2365,650,    0]; % [mm]

